40521586
34443666
40055050
46357678
38492735
47496707
42890322
31063916
47697646
45495005
26647695
45783819
44032655
47421111
47313986
33635464
28410560
41172979
46102858
43226502
40755211
42045001
28617710
1000751560
45018888
31934350
42620486
45833582
40816271
28614968
40371176
41484625
36606153
46164798
44997770
13253831
40878902
38215562
38610157
33487817
37924646
26506569
36492685
1000332116
37860266
47733980
35578447
42335401
40130476
15140168
42770379
43458498
46889446
39629993
28227691
32381947
33774464
43243711
32818983
45171171
39652851
39238453
37504274
47363889
35619220
1000735377
39215942
12456043
38390876
47127698
1000240988
42397670
32546088
1000085928
28498241
43893249
39763622
44484884
42560392
21181441
42730828
41576248
31494485
38157971
45714553
33085868
32375531
35142189
33500161
35213075
40175216
44248436
30866633
42190002
43308464
44177408
37573713
37565761
26744475
41834335
39850737
46038024
35896466
35523471
47686553
39119454
47091094
45748432
40392605
46299210
29269159
44043998
45114761
32034821
42583651
1000238781
27562455
43286331
46346062
42435499
43242625
41795006
43271008
35364462
16153366
44373804
39113124
43276248
37764827
1000614665
43838550
37990265
41425810
31923858
46582162
26914195
46170234
43110632
14481639
1000529805
44484844
40628984
30765023
1000939408
43092841
1000327521
41263841
26673388
38594991
45136801
29195536
42875739
13198567
31433926
45124456
41953312
1000751268
45809458
44295571
42727482
1000249953
43803427
45401589
36396168
31612836
44898653
34164130
30658605
41038350
41910242
43925588
40688076
14805567
47310910
43833939
33337432
46469603
31864689
42046193
1000444004
35127254  
45794258
13749466
33666085
41674682
43939138
1000757441
44173398
37608584
19054615
47484019
43672472
32434851
43222689
46282869
42237620
44259272
1000745880
43276318
31399884
43225199
40978351
37126236
27097122
42612290
33008042
46115084
44489475
31312103
28874848
36351336
1000529573
1000349651
44112067
28335698
44618514
40630700
41013922
45829428
1000170800
47611909
35032911
43060096
18582871
38169292
33220313
26752799
44547302
44499081
32569683
44750516
46619888
45833363
15834341
42557176
19642068
45619431
40019036
35822976
40398521
46622463
43788286
40788473
30343599
37171116
40081501
46256906
33876934
38892988
27565478
15972077
39243011
41859247
43861224
41418269
39291749
36170010
44241489
30774926
39507006
37142956
45499682
43854163
40702010
35948059
43868126
40952858
17575209
26725107
37164580
45026244
45242155
1001367797
35633397
46613410
39949157
34586572
48088698
16181482
45887596
12279259
45299218
29805563
1000027820
44256028
1000021823
47173846
18875048
38160966
42670239
39583369
42091675
39929072
44181685
41738197
46394918
47803697
42960818
42748589
41503487
43346658
1000538698
45107266
40282386
1000686323
42472678
41186236
43891820
47292272
44670598
35667474
44496444
44661098
45865877
44218378
41954157
29086006
37028750
47182318
47078515
28474898
28748811
44436185
28863953
42986497
48749029
47674753
43989886
44723592
43965653
16857951
46103154
45078296
34187139
44059181
43090065
43801998 
33599198
35038858
36642490
45817191
38862528
45612144
38214061
42667489
20021262
37836650
44788226
43925771
40313337
26927029
1000919745
1001053205
36214699
31989708
41133135
30911302
29751018
33012121
28050558
44207793
40170416
45486555
43760642
41414459
45273899
40761262
39026268
41350581
36130853
45659080
45887590
1000494486
40668347
30700717
42104676
43344031
46991709
45672193
34203052
43633560
42494787
40576326
28967323
42367773
45096367
27370670
44596141
45776359
38074908
35085469
46916875
46430996
42142564
40675308
46689623
42850302
46388176
46558622
39934128
44715410
40531674
41396361
43289045
33698911
1000806295
14351841
42422255
36290279
40984154
43711081
29561099
1000593131
44167378
1000229924
47646338
43058320
45518518
45949498
28559111
46755948
47859411
45070225
46332291
46782688
42565815
38950607
29299471
42220037
44682926
28620893
44669073
36932828
48580314
38621621
44642436
43938344
35994557
43348639
1000972026
42117679
43628346
43680868
32320423
32487599
39019838
43941816
41424921
33604996
39992720
16860468
28898699
28350537
40111132
1000776299
43244736
26722083
30273128
39944423
42621234
38817061
19801229
43270528
1000846329
45528444
18495149
46451150
46018618
32228765
41050091
43019988
39719688
40331586
19128068
40521811
34417820
14559899
46708796
40085381
41377333
31222381
39291270
35773507
27061377
46871279
39991654
40071196
46280997
40370569
42889188
40204978
38874507
46395355
40173792
44887889
44123204
43272520
32854389
40888091
43419692
44859633
40171116
47199686
42726585
38507479
31966532
42335376
37122722
38901621
42602328
43369068
44374933
37164292
1000011871
27093167
47646128
46895570
44841779
26049375
36417439
48361680
42461499
40835896
46883225
47123653
1000539178
37696574
44456406
37695249
42705478
29885850
44919969
44614871
43333394
43851413
36609254
1000571492
36829000
1000056390
33373074
41521552
34308112
41092045
42125318
43515360
1000099319
30829135
1000360693
46353518
42030616
43925648
42208420
45824493
44953677
1000578719
43242139
40253554
30337414
43091458
47746229
40290095
43829510
40369041
43999735
42431758
27172530
47176628
1000536960
40243004
40012565
1000943659
39923831
35915250
43130971
41553104
36638631
39830391
32418814
43838068
34324305
42932882
37451782
44750667
12514764
40471070
19002772
46650370
45974189
48201444
26458086
45938285
42364534
34120607
29915965
32719850
35039827
42952300
29975281
19496210
47466005
43446052
42936407
44396818
43427089
1000165201
29815220
39565517
41509103
28810975
32052476
45130756
31125460
44378339
47247746
39771245
45671793
27054792
38449393
1000615492
38969860
37542396
42878087
37550069
1000819292
45708467
14832960
47891833
1000736559
36365037
37830897
44394019
31985291
45125873
35673987
41063260
46778966
42303481
1000971619
29968623
35170039
32839119
45645935
36338783
45171469
27916833
43335079
40838497
32968807
41450323
45369908
48413748
41394662
30188445
46669260
43891737
17771595
43021658
44196304
37758615
1000214800
47215191
44679666
29139565
46961071
43524644
40635206
48842211
44917407
38675158
39196997
46000779
14549707
39583363
31132988
39916163
28114711
1000137163
45499575
40490431
37577272
42088732
41045198
14955129
19233771
42927160
29470885
26794580
28887680
32220683
26733429
43562606
31123322
46462312
42984446
40440927
46627459
43469457
1000816476
33583741
47420000
40773463
41010391
40284459
1000150398
43359026
35672298
44118835
40670549
28612453
43937444
44192491
42659823
42117902
30769772
44971001
31230600
42399213
41994001
45485831
45059702
44291008
43592811
47798908
28575972
28746567
40928995
45978949
42530355
32944961
40325161
46733027
12365326
31040798
41765270
43964565
35053117
44613485
46498984
47225265
44383584
44636375
1000387281
46195420
47555022
39560949
45375692
47802010
48246370
46027888
44434150
40202824
43566862
42023048
30771114
34462605
34760206
36120920
27263817
41091085
37830568
44493199
46099988
39679951
39329309
1000561407
45609085
34538228
41973333
38604115
44115885
44359811
44733856
37693520
47805103 
45233215
48190213
45414347
1000792964
47788672
37338978
40046962
44738181
47701312
46216407
43054948
45480882
13232078
33201992
1000941932
42285113
46649036
39898468
44420803
30689988
28515007
47078356
27457291
1001166496
1000736948
42311864
43683473
44560430
39289044
44036153
39814760
42865468
36752555
41970142
37868361
45219832
12718307
42932668
29651290
46723295
27134791
38266661
32728789
28244062
46434421
39794923
45110533
45935701
33969846
47564462
26909059
1000880607
46707786
45688060
27259221
31662156
32722189
43628173
47052018
33094198
38773173
34883233
40329808
27718883
40933383
45530256
41958797
45504104
1000309296
1000566341
39628930
41158699
28642109
43817846
1001289692
44679484
38980534
1000672982
31101113
1000655114
36269304
46975626
45272088
41072466
1000376212
29252898
37723832
30434808
43251349
40280366
43454626
1000037312
43278930
39791675
36259279
45095036
1000472540
37967292
18657814
41050135
40200720
42072314
1000388055
32332836
44709465
44088103
29621739
47485089
44811307
43783089
32943165
48337898
28769123
42562285
47577124
46531880
27097826
29008184
28603639
35491393
32032859
38385647
46486184
45160335
46257294
1001024475
42218613
40723666
38445739
1000082678
38818194
18201320
1000298625
35876626
44355523
35271199
40300086
47419520
41290789
41089115
47449724
44763090
43013875
44841778
43982953
38500542
37160024
43599426
30634879
1000259794
36893874
13322980
46617317
42313038
47091185
37828577
46108039
37599320
44636268
1000034783
44917414
30668312
37371002
35618097
45791552
29076300
1000540331
34594342
48700236
26130396
38978956
37509240
41392942
41914260
1000502429
12334507
1000061912
19619463
28636363
44629238
20184837
29625735
33857630
36343159
44677533
16560356
47497711
1000931599
42114895
42338668
45799436
41677511
29329546
30756005
41397877
31350503
26795553
33217501
37928205
48225300
29187847
38030188
43022240
27266600
42204747
35466793
16477312
34102663
34636181
40248691
42889012
16981388
42935526
48126786
33215158
28939528
42505202
40019046
26996489
45249704
45533311
45295324
45099613
44676990
43817714
47528828
28767935
44797374
28564600
42156216
40154006
41676425
34513239
46665765
30668835
42836640
35096723
39367213
46653295
48384958
44431424
1000183366
39113803
1001598529
12569578
47460535
45943671
40421471
28889813
47281063
43074128
44977733
46608425
44383940
27317498
42402119
26764068
38184192
1000752483
44574580
46661522
45430060
38272704
32509200
47761622
1001052990
12814831
40264753
26958118
37692847
30903598
43278949
38006688
37663536
26468555
43204086
1000949163
44987267
29832028
43784978
33830252
36028837
45189884
27284652
45530498
41898713
45199439
42096331
1000670354
40962426
41181346
43183015
26524228
45748065
44921639